1729092013083 0.0010000000474974513 0
1729092021864 0.00020000000949949026 1
1729092030904 4.0000002627493814e-05 2
1729092039865 4.0000002627493814e-05 3
1729092048819 4.0000002627493814e-05 4
1729092057749 4.0000002627493814e-05 5
1729092066681 4.0000002627493814e-05 6
1729092075694 4.0000002627493814e-05 7
1729092084625 4.0000002627493814e-05 8
1729092093404 4.0000002627493814e-05 9
1729092102109 4.0000002627493814e-05 10
1729092110992 4.0000002627493814e-05 11
1729092119917 4.0000002627493814e-05 12
1729092129206 4.0000002627493814e-05 13
1729092138146 4.0000002627493814e-05 14
1729092147086 4.0000002627493814e-05 15
1729092155893 4.0000002627493814e-05 16
1729092164948 4.0000002627493814e-05 17
1729092173859 4.0000002627493814e-05 18
1729092182744 4.0000002627493814e-05 19
1729092191872 4.0000002627493814e-05 20
1729092200955 4.0000002627493814e-05 21
1729092209845 4.0000002627493814e-05 22
1729092218760 4.0000002627493814e-05 23
1729092227673 4.0000002627493814e-05 24
1729092236510 4.0000002627493814e-05 25
1729092245544 4.0000002627493814e-05 26
1729092254274 4.0000002627493814e-05 27
1729092263255 4.0000002627493814e-05 28
1729092272091 4.0000002627493814e-05 29
1729092281112 4.0000002627493814e-05 30
1729092290505 4.0000002627493814e-05 31
1729092299342 4.0000002627493814e-05 32
1729092308163 4.0000002627493814e-05 33
1729092316995 4.0000002627493814e-05 34
1729092325931 2.0000001313746907e-05 35
1729092334778 2.0000001313746907e-05 36
1729092343822 2.0000001313746907e-05 37
1729092352368 2.0000001313746907e-05 38
1729092361176 2.0000001313746907e-05 39
1729092369932 2.0000001313746907e-05 40
1729092378836 2.0000001313746907e-05 41
1729092387733 1.0000000656873453e-05 42
1729092397068 1.0000000656873453e-05 43
1729092405947 1.0000000656873453e-05 44
1729092414711 1.0000000656873453e-05 45
1729092423457 1.0000000656873453e-05 46
1729092432214 1.0000000656873453e-05 47
1729092441201 1.0000000656873453e-05 48
1729092450017 5.000000328436727e-06 49
1729092458813 5.000000328436727e-06 50
1729092468515 5.000000328436727e-06 51
1729092477162 5.000000328436727e-06 52
1729092486326 5.000000328436727e-06 53
