1729092012968 0.571093738079071 0
1729092021764 0.854687511920929 1
1729092030803 0.88671875 2
1729092039765 0.918749988079071 3
1729092048729 0.917187511920929 4
1729092057641 0.918749988079071 5
1729092066576 0.91015625 6
1729092075589 0.922656238079071 7
1729092084527 0.92578125 8
1729092093305 0.932812511920929 9
1729092102005 0.936718761920929 10
1729092110901 0.92578125 11
1729092119825 0.9375 12
1729092129114 0.9468749761581421 13
1729092138055 0.9375 14
1729092146985 0.949999988079071 15
1729092155792 0.94921875 16
1729092164837 0.953906238079071 17
1729092173754 0.9476562738418579 18
1729092182644 0.9664062261581421 19
1729092191757 0.957812488079071 20
1729092200872 0.956250011920929 21
1729092209753 0.9593750238418579 22
1729092218664 0.960156261920929 23
1729092227557 0.9609375 24
1729092236408 0.9624999761581421 25
1729092245443 0.96875 26
1729092254179 0.969531238079071 27
1729092263144 0.971875011920929 28
1729092271997 0.9789062738418579 29
1729092281014 0.9750000238418579 30
1729092290402 0.9750000238418579 31
1729092299228 0.984375 32
1729092308056 0.9710937738418579 33
1729092316886 0.979687511920929 34
1729092325824 0.979687511920929 35
1729092334682 0.977343738079071 36
1729092343719 0.973437488079071 37
1729092352273 0.9820312261581421 38
1729092361077 0.973437488079071 39
1729092369832 0.979687511920929 40
1729092378734 0.9789062738418579 41
1729092387617 0.979687511920929 42
1729092396957 0.9859374761581421 43
1729092405844 0.9789062738418579 44
1729092414613 0.981249988079071 45
1729092423354 0.98046875 46
1729092432110 0.98046875 47
1729092441104 0.985156238079071 48
1729092449905 0.984375 49
1729092458716 0.984375 50
1729092468403 0.9859374761581421 51
1729092477060 0.9820312261581421 52
1729092486216 0.979687511920929 53
