1729092012922 20.687698364257812 0
1729092021728 16.372392654418945 1
1729092030764 15.7750883102417 2
1729092039725 15.567197799682617 3
1729092048694 15.410001754760742 4
1729092057609 15.224222183227539 5
1729092066538 15.078783988952637 6
1729092075563 14.887354850769043 7
1729092084485 14.716848373413086 8
1729092093276 14.534724235534668 9
1729092101975 14.341325759887695 10
1729092110868 14.209704399108887 11
1729092119792 14.003091812133789 12
1729092129086 13.836560249328613 13
1729092138022 13.669733047485352 14
1729092146955 13.471585273742676 15
1729092155764 13.317606925964355 16
1729092164806 13.133895874023438 17
1729092173718 12.979196548461914 18
1729092182608 12.78553295135498 19
1729092191719 12.637015342712402 20
1729092200838 12.473943710327148 21
1729092209721 12.319258689880371 22
1729092218627 12.170808792114258 23
1729092227521 12.009164810180664 24
1729092236375 11.856917381286621 25
1729092245408 11.693692207336426 26
1729092254148 11.546243667602539 27
1729092263100 11.39875316619873 28
1729092271961 11.24000358581543 29
1729092280958 11.107844352722168 30
1729092290368 10.964607238769531 31
1729092299196 10.802713394165039 32
1729092308022 10.693269729614258 33
1729092316844 10.544957160949707 34
1729092325784 10.408503532409668 35
1729092334646 10.323068618774414 36
1729092343685 10.260481834411621 37
1729092352240 10.189420700073242 38
1729092361047 10.14056396484375 39
1729092369802 10.0680570602417 40
1729092378700 10.00691032409668 41
1729092387578 9.942580223083496 42
1729092396916 9.892805099487305 43
1729092405811 9.868712425231934 44
1729092414575 9.835386276245117 45
1729092423315 9.802018165588379 46
1729092432076 9.768726348876953 47
1729092441074 9.73408317565918 48
1729092449869 9.704008102416992 49
1729092458679 9.67776870727539 50
1729092468372 9.652727127075195 51
1729092477027 9.649049758911133 52
1729092486183 9.639863967895508 53
